export default [
  {
    anchorId: "12345678-aaaa-bbbb-cccc-ddddeeeeffff",
    pose: [1,0,0,0, 0,1,0,0, 0,0,1,0, 0,0,0,1]
  },
  {
    anchorId: "57737228-21ce-7018-8367-0a5864601b55",
    pose: [0.9294357895851135,0.24456553161144257,0.2762911915779114,0,0.3303544521331787,-0.21799826622009277,-0.9183368682861328,0,-0.16436254978179932,0.9448091983795166,-0.28340864181518555,0,14.120579719543457,49.152652740478516,-14.617055892944336,1]
  },
  {
    anchorId: "12be26e4-21c1-7018-9d88-0a5864602516",
    pose: [-0.6986477375030518,-0.7138146162033081,-0.04857975244522095,0,0.06265565752983093,0.006596982479095459,-0.9980133771896362,0,0.7127170562744141,-0.7003035545349121,0.040115535259246826,0,14.189258575439453,-2.4886703491210938,-5.573166847229004,1]
  },
  {
    anchorId: "5dba6566-3415-7018-90f6-0a5864601553",
    pose: [0.7725051045417786,0.6193181276321411,0.1402885764837265,0,0.3546677529811859,-0.2375481128692627,-0.9043127298355103,0,-0.5267320275306702,0.7483420372009277,-0.40315937995910645,0,21.395259857177734,39.57158660888672,-10.21493911743164,1]
  },
  {
    anchorId: "0f76356e-21c4-7018-a3d0-0a5864601b55",
    pose: [-0.27713310718536377,-0.9558684825897217,0.09753423929214478,0,-0.1849709451198578,-0.04653584957122803,-0.9816416501998901,0,0.9428591132164001,-0.2900862693786621,-0.1639113426208496,0,-4.352047920227051,-5.691290855407715,-11.852422714233398,1]
  },
  {
    anchorId: "57733ca4-21ce-7018-b636-0a5864601b55",
    pose: [-0.8627517223358154,0.3866226077079773,-0.3258565068244934,0,0.3227946162223816,-0.0748908519744873,-0.9435014724731445,0,-0.3891826868057251,-0.9191921949386597,-0.060187458992004395,0,8.469175338745117,16.806093215942383,-11.08854866027832,1]
  },
  {
    anchorId: "10972a50-21d0-7018-851b-0a5864602516",
    pose: [-0.014911174774169922,0.9910274147987366,-0.13282397389411926,0,0.5825789570808411,-0.09935081005096436,-0.8066790103912354,0,-0.8126373291015625,-0.08940896391868591,-0.5758702754974365,0,48.03902816772461,38.14557647705078,-0.9094393253326416,1]
  },
  {
    anchorId: "57739d34-21ce-7018-8fed-0a5864601b55",
    pose: [-0.9246717691421509,-0.21075506508350372,-0.3171193301677704,0,0.32862982153892517,-0.021082282066345215,-0.9442235231399536,0,0.19231431186199188,-0.9773116111755371,0.08875441551208496,0,45.864463806152344,24.354820251464844,0.7048715949058533,1]
  },
  {
    anchorId: "57739438-21ce-7018-83ac-0a5864601b55",
    pose: [-0.8067078590393066,-0.5501998662948608,-0.2156444638967514,0,0.25710028409957886,0.001799941062927246,-0.9663829803466797,0,0.5320919156074524,-0.8350310325622559,0.14000457525253296,0,35.66962814331055,48.013668060302734,-7.164943695068359,1]
  },
  {
    anchorId: "49cfa560-32fe-7018-97d0-0a5864601b55",
    pose: [0.28713297843933105,-0.7743577361106873,-0.5638483166694641,0,-0.4526432156562805,-0.6284548044204712,0.6325812339782715,0,-0.8441972136497498,0.0735870897769928,-0.5309580564498901,0,-5.721805095672607,7.3157172203063965,-11.35991382598877,1]
  },
  {
    anchorId: "5773a040-21ce-7018-80c5-0a5864601b55",
    pose: [-0.9682915210723877,0.05877105891704559,-0.2428116351366043,0,0.2418850213289261,-0.022506237030029297,-0.9700438380241394,0,-0.06247527897357941,-0.9980177283287048,0.007576704025268555,0,38.2744140625,43.70949172973633,-5.44802713394165,1]
  },
];
